250 538 
110 118 
194 245 
65 231 
244 248 
36 80 
120 196 
99 220 
165 228 
38 122 
201 205 
172 228 
129 226 
143 243 
206 234 
245 246 
117 143 
54 147 
14 218 
199 231 
196 241 
73 221 
163 214 
108 134 
113 129 
226 234 
34 66 
98 151 
184 223 
229 231 
71 199 
219 225 
181 242 
101 182 
245 247 
204 246 
239 243 
212 214 
52 82 
184 233 
217 227 
81 243 
161 192 
119 234 
125 223 
190 228 
72 73 
89 226 
136 230 
51 186 
195 196 
28 40 
237 246 
41 241 
163 174 
158 234 
238 245 
85 197 
123 187 
51 54 
52 231 
148 220 
104 197 
82 91 
234 235 
77 210 
241 249 
67 120 
49 222 
120 202 
186 237 
194 240 
120 190 
28 237 
86 126 
93 134 
173 208 
217 230 
35 209 
223 243 
183 233 
50 174 
109 206 
5 30 
78 182 
223 247 
155 164 
143 190 
151 159 
223 244 
205 248 
229 244 
12 130 
111 166 
98 224 
67 182 
88 110 
57 159 
88 161 
59 169 
41 149 
135 198 
154 224 
175 230 
153 170 
145 191 
67 79 
192 215 
25 205 
81 167 
91 105 
6 111 
221 226 
228 235 
80 157 
179 223 
172 174 
169 222 
46 219 
233 233 
197 203 
13 125 
207 227 
48 190 
212 219 
59 156 
232 243 
232 239 
185 205 
114 239 
99 183 
239 239 
62 162 
199 247 
207 226 
13 91 
16 40 
21 179 
83 169 
12 113 
153 205 
200 235 
239 241 
191 204 
244 249 
41 147 
53 108 
217 220 
143 199 
179 209 
201 216 
107 180 
70 91 
145 188 
152 213 
50 155 
80 180 
43 144 
34 52 
197 221 
141 243 
223 237 
121 122 
163 220 
107 157 
217 222 
136 190 
230 236 
157 219 
211 232 
236 241 
217 234 
113 215 
90 247 
96 113 
27 141 
128 194 
35 62 
43 51 
116 198 
142 227 
162 178 
112 120 
86 105 
221 229 
181 233 
58 107 
228 237 
113 118 
22 150 
207 235 
50 188 
151 247 
40 246 
135 168 
48 193 
194 213 
9 121 
57 75 
29 203 
142 187 
190 192 
64 134 
75 104 
190 239 
91 237 
100 241 
188 209 
226 240 
150 161 
88 158 
240 244 
11 90 
42 169 
94 130 
52 114 
135 174 
140 161 
217 219 
182 201 
16 134 
9 188 
165 224 
72 138 
129 140 
105 205 
22 172 
204 246 
49 87 
57 78 
171 230 
84 218 
157 201 
61 231 
144 151 
236 241 
119 157 
231 246 
147 236 
29 231 
25 234 
198 198 
184 235 
36 166 
2 25 
230 245 
8 196 
35 190 
141 144 
142 228 
191 246 
151 227 
77 176 
198 242 
186 223 
103 123 
213 226 
213 232 
158 215 
234 236 
46 224 
37 227 
130 242 
72 236 
20 186 
12 118 
148 215 
125 225 
147 241 
200 235 
50 105 
249 249 
58 136 
13 210 
18 141 
229 231 
63 168 
73 93 
191 218 
68 140 
63 233 
26 151 
95 216 
38 172 
224 228 
178 190 
245 249 
241 242 
195 202 
225 238 
206 238 
130 150 
73 108 
66 105 
52 170 
181 203 
66 171 
30 171 
210 228 
153 194 
159 185 
162 188 
64 247 
162 208 
214 243 
177 240 
194 215 
43 245 
214 249 
236 238 
95 199 
233 241 
226 249 
174 210 
82 211 
74 227 
113 117 
247 248 
94 176 
141 244 
1 226 
81 192 
80 206 
167 222 
187 243 
61 241 
25 72 
147 157 
160 171 
142 218 
1 64 
187 222 
157 217 
245 248 
49 99 
13 213 
160 197 
98 220 
25 240 
35 233 
20 139 
97 128 
96 157 
149 150 
168 175 
203 245 
109 183 
135 173 
177 197 
221 238 
120 245 
129 231 
34 77 
122 133 
242 246 
22 174 
209 235 
160 197 
69 224 
15 142 
202 212 
9 93 
63 228 
32 126 
25 178 
171 211 
90 162 
27 148 
129 213 
184 201 
160 238 
87 226 
132 161 
128 247 
10 195 
143 224 
168 178 
228 249 
46 180 
175 247 
217 238 
69 171 
100 149 
34 141 
201 223 
54 229 
231 237 
184 227 
195 224 
167 181 
11 215 
20 181 
212 220 
114 248 
212 236 
182 248 
238 242 
192 229 
155 161 
22 116 
149 168 
171 213 
173 211 
243 247 
121 230 
176 224 
72 155 
16 156 
149 200 
247 248 
22 183 
246 247 
237 246 
54 90 
16 142 
100 167 
107 189 
147 226 
228 237 
103 137 
5 14 
186 208 
78 154 
168 198 
36 223 
44 197 
49 117 
24 142 
80 150 
179 196 
108 155 
216 248 
153 194 
200 233 
60 83 
185 226 
185 211 
98 117 
175 191 
195 246 
34 123 
122 169 
131 200 
119 206 
178 246 
114 165 
32 170 
105 177 
147 228 
20 28 
109 220 
126 150 
178 204 
159 208 
92 229 
19 182 
48 157 
163 202 
242 249 
95 145 
35 51 
59 230 
243 249 
206 249 
220 249 
201 229 
136 179 
77 237 
153 211 
122 209 
45 208 
76 144 
237 237 
126 163 
124 145 
1 183 
135 211 
181 197 
225 240 
121 247 
69 91 
80 205 
149 236 
122 146 
98 175 
2 69 
90 110 
89 141 
169 225 
158 164 
141 185 
10 58 
73 78 
108 172 
181 186 
198 212 
52 214 
58 208 
38 44 
208 238 
129 188 
131 140 
140 233 
47 91 
140 246 
160 203 
218 238 
11 209 
213 242 
191 248 
202 249 
99 246 
224 239 
160 202 
42 157 
0 23 
181 249 
243 248 
56 65 
188 215 
201 233 
182 219 
120 166 
62 145 
166 221 
80 140 
199 226 
76 103 
41 91 
37 245 
208 237 
209 242 
122 232 
165 209 
95 118 
228 236 
53 192 
67 73 
58 109 
514 77 
501 506 
424 510 
321 461 
331 498 
32 144 
130 374 
89 148 
15 339 
466 485 
496 503 
450 456 
396 404 
349 496 
151 189 
473 504 
246 432 
444 480 
422 431 
433 494 
88 423 
359 450 
367 392 
464 503 
415 493 
488 496 
176 402 
110 466 
50 249 
301 472 
149 173 
184 483 
462 498 
421 489 
108 269 
351 456 
292 482 
157 170 
130 190 
271 312 
266 489 
172 358 
283 346 
114 418 
356 392 
278 327 
418 488 
256 369 
319 479 
479 490 
504 509 
237 273 
127 450 
171 225 
117 316 
32 165 
429 435 
440 472 
228 472 
274 278 
70 174 
317 475 
115 358 
84 386 
351 502 
475 511 
494 510 
366 456 
207 300 
494 512 
207 430 
322 348 
344 408 
449 475 
416 513 
385 431 
376 494 
204 333 
487 711 
130 282 
296 299 
446 468 
377 388 
325 457 
326 467 
7 269 
466 483 
415 439 
140 404 
180 398 
411 452 
267 292 
114 232 
331 451 
324 429 
172 183 
302 437 
444 459 
435 440 
203 230 
190 453 
248 282 
248 304 
32 181 
91 357 
225 235 
172 464 
150 242 
218 235 
271 299 
455 471 
19 22 
406 418 
293 305 
408 412 
291 361 
370 438 
112 367 
378 475 
182 183 
189 320 
146 375 
243 333 
479 482 
121 416 
178 480 
51 62 
190 305 
6 52 
155 261 
324 379 
357 469 
330 357 
1 289 
446 481 
203 435 
422 483 
340 416 
476 486 
302 342 
427 441 
30 415 
22 134 
279 366 
366 436 
423 468 
225 339 
73 222 
107 354 
290 294 
406 413 
45 206 
18 293 
182 221 
380 481 
436 470 
139 461 
460 472 
349 359 
170 311 
349 390 
94 104 
231 482 
156 255 
221 387 
236 317 
116 136 
144 369 
329 361 
460 480 
303 361 
205 441 
52 448 
266 359 
93 273 
292 372 
374 454 
361 386 
215 321 
457 483 
139 217 
407 412 
149 275 
221 372 
52 458 
46 400 
97 286 
142 354 
261 484 
213 377 
189 296 
141 304 
66 190 
26 355 
364 442 
61 74 
351 446 
103 247 
364 430 
324 445 
11 153 
434 438 
452 468 
258 346 
159 374 
244 299 
151 243 
88 266 
63 437 
329 329 
260 395 
105 230 
34 442 
456 456 
194 355 
476 481 
176 329 
146 355 
343 464 
31 228 
51 137 
27 114 
322 389 
82 332 
60 258 
474 478 
464 467 
276 480 
450 485 
240 404 
52 78 
344 477 
315 370 
32 54 
238 393 
336 423 
169 382 
323 345 
478 479 
370 479 
478 486 
34 211 
113 473 
297 424 
69 259 
214 440 
429 441 
11 456 
74 341 
259 423 
425 448 
433 447 
303 421 
93 479 
336 400 
9 216 
165 218 
445 459 
185 320 
335 428 
286 427 
37 430 
452 468 
147 477 
410 482 
14 260 
347 371 
119 244 
210 266 
120 429 
19 66 
50 447 
4 62 
443 444 
244 273 
105 124 
185 330 
421 477 
339 374 
169 448 
320 441 
274 282 
294 435 
5 414 
267 274 
226 448 
86 342 
133 166 
434 445 
428 466 
212 422 
384 407 
19 421 
209 326 
401 428 
284 384 
225 456 
76 179 
295 352 
198 207 
207 393 
23 186 
363 451 
215 220 
78 312 
164 245 
34 402 
32 132 
211 452 
75 351 
282 404 
190 219 
261 317 
201 350 
348 376 
293 341 
169 330 
193 271 
304 315 
187 187 
228 386 
335 397 
74 217 
465 474 
270 369 
411 451 
74 360 
404 454 
43 215 
66 244 
350 391 
122 141 
338 396 
395 417 
386 469 
200 470 
426 427 
221 347 
246 349 
300 467 
84 156 
244 289 
1 257 
325 330 
430 439 
267 323 
95 311 
474 479 
49 137 
250 308 
140 480 
394 405 
329 352 
93 227 
476 477 
267 348 
280 291 
63 432 
166 238 
157 250 
441 451 
64 325 
158 258 
144 183 
265 407 
305 380 
358 418 
315 444 
2 400 
438 458 
464 478 
383 452 
223 292 
201 209 
9 294 
330 366 
127 438 
331 427 
446 486 
473 474 
214 334 
460 485 
334 346 
436 458 
359 409 
159 276 
268 275 
256 395 
332 347 
224 342 
329 422 
453 471 
462 464 
235 389 
435 447 
476 484 
26 201 
79 278 
399 474 
359 427 
78 208 
440 471 
404 424 
181 343 
11 441 
421 481 
304 428 
458 470 
29 394 
362 371 
260 297 
458 462 
462 466 
309 339 
228 357 
477 484 
44 240 
483 483 
302 444 
211 357 
244 453 
484 486 
196 239 
171 244 
6 10 
352 373 
59 176 
384 457 
35 467 
409 446 
219 399 
400 434 
5 366 
226 233 
235 269 
451 459 
76 185 
372 396 
247 413 
160 376 
252 311 
182 419 
10 193 
346 424 
117 483 
458 458 
161 168 
431 466 
112 397 
304 411 
270 398 
171 361 
60 342 
450 454 
432 443 
223 450 
297 475 
171 253 
316 366 
332 374 
448 462 
114 318 
19 217 
119 316 
378 477 
140 200 
35 349 
20 443 
200 235 
234 357 
424 452 
4 230 
207 337 
34 309 
38 98 
301 473 
183 189 
271 452 
136 424 
482 485 
158 379 
19 397 
279 360 
289 330 
341 374 
455 480 
324 398 
6 295 
466 483 
400 432 
407 460 
335 368 
292 379 
455 460 
340 388 
117 252 
249 362 
36 64 
6 312 
33 154 
23 246 
288 390 
291 417 
223 329 
334 336 
119 225 
13 418 
190 426 
404 471 
395 419 
271 419 
418 484 
479 480 
392 427 
123 287 
177 401 
257 405 
325 402 
103 110 
482 482 
347 355 
36 399 
400 428 
327 435 
365 368 
237 472 
91 377 
332 403 
454 481 
81 393 
7 197 
68 308 
385 419 
475 483 
435 472 
101 164 
247 398 
317 395 
344 420 
139 379 
392 435 
202 415 
208 296 
397 435 
116 485 
97 151 
399 482 
218 456 
221 301 
448 456 
170 408 
295 340 
348 381 
408 455 
113 403 
258 449 
269 455 
163 309 
170 391 
483 485 
383 484 
240 316 
91 143 
85 128 
159 304 
313 396 
257 470 
260 417 
396 417 
155 389 
73 319 
359 396 
368 406 
481 481 
109 207 
0 323 
403 458 
280 399 
361 479 
299 372 
243 326 
194 481 
78 290 
281 323 
466 476 
327 464 
26 345 
226 349 
66 126 
107 270 
43 300 
329 482 
10 398 
433 467 
318 377 
236 387 
202 443 
237 418 
228 260 
98 234 
299 432 
409 420 
287 484 
381 435 
201 485 
359 372 
258 267 
34 223 
472 480 
471 483 
56 370 
358 414 
312 415 
369 484 
457 461 
409 463 
68 194 
257 294 
312 473 
221 476 
134 475 
270 353 
443 463 
174 178 
433 453 
393 473 
40 408 
261 400 
203 435 
236 293 
273 375 
275 350 
321 423 
40 416 
177 422 
172 319 
16 309 
217 350 
239 239 
231 247 
211 268 
19 146 
402 413 
434 481 
85 239 
123 352 
172 229 
43 51 
424 449 
471 482 
175 341 
426 469 
92 387 
481 482 
40 315 
348 378 
363 395 
164 342 
140 364 
58 363 
125 463 
246 366 
73 408 
135 198 
35 455 
443 454 
426 427 
233 369 
200 345 
194 201 
284 346 
153 446 
403 455 
418 486 
259 266 
432 438 
152 355 
25 231 
143 204 
67 397 
430 432 
221 354 
236 416 
231 455 
344 468 
20 51 
144 281 
451 464 
321 350 
266 302 
35 89 
308 382 
234 257 
412 470 
474 481 
69 428 
333 450 
130 356 
407 431 
349 458 
281 324 
68 136 
204 399 
147 260 
247 257 
280 475 
456 485 
300 343 
415 485 
94 246 
367 430 
164 385 
434 439 
127 140 
318 415 
449 467 
21 197 
368 420 
382 482 
413 434 
274 441 
404 413 
457 477 
278 437 
104 314 
300 451 
197 427 
347 469 
103 269 
329 438 
294 459 
365 381 
303 364 
34 394 
424 449 
2 313 
484 486 
286 401 
454 459 
183 446 
111 446 
205 327 
292 336 
115 120 
52 187 
479 485 
229 334 
155 327 
265 470 
74 140 
467 470 
245 263 
144 336 
263 334 
101 150 
332 444 
105 308 
352 485 
115 310 
455 470 
86 375 
6 228 
466 481 
192 450 
181 291 
279 318 
5 150 
457 467 
62 143 
92 218 
341 483 
207 321 
305 468 
20 145 
201 348 
249 260 
416 464 
265 428 
79 95 
471 471 
69 102 
84 124 
281 406 
224 380 
436 462 
168 342 
85 217 
400 426 
278 308 
473 476 
296 194 
157 162 
67 114 
58 247 
16 183 
225 266 
65 168 
276 282 
276 283 
36 228 
190 197 
103 271 
134 236 
107 264 
41 293 
111 184 
48 196 
190 289 
4 108 
125 177 
47 258 
293 295 
79 280 
110 218 
261 285 
8 155 
112 263 
47 267 
251 279 
75 180 
2 282 
121 159 
262 269 
70 249 
271 290 
96 159 
153 293 
135 216 
271 293 
101 255 
200 293 
95 256 
124 211 
166 287 
201 210 
179 293 
236 284 
158 245 
28 260 
78 173 
231 232 
226 232 
171 217 
225 225 
120 150 
86 162 
43 264 
241 265 
133 189 
254 260 
161 215 
50 220 
246 262 
209 274 
148 287 
181 204 
69 152 
75 197 
82 111 
291 293 
235 239 
34 115 
71 194 
158 292 
195 289 
251 289 
62 215 
266 280 
21 115 
190 209 
170 212 
156 235 
92 287 
88 198 
140 267 
88 208 
68 174 
71 170 
6 277 
56 161 
154 271 
69 225 
216 280 
229 269 
123 155 
214 274 
104 154 
45 83 
210 251 
82 236 
24 202 
38 239 
196 257 
41 189 
243 280 
211 288 
13 143 
222 229 
129 161 
275 281 
184 209 
58 164 
172 180 
196 254 
45 273 
140 218 
56 155 
267 277 
96 252 
63 277 
213 284 
249 262 
67 76 
64 68 
35 250 
57 173 
140 223 
219 252 
27 128 
6 99 
5 159 
247 285 
38 170 
122 216 
38 75 
82 167 
267 268 
86 211 
210 236 
139 170 
1 152 
177 179 
120 157 
166 231 
124 196 
28 86 
31 230 
295 295 
101 234 
204 235 
210 266 
199 221 
129 132 
125 179 
243 279 
97 103 
69 87 
97 229 
280 295 
240 276 
44 185 
142 155 
152 270 
145 261 
167 173 
201 206 
51 147 
168 244 
293 294 
127 260 
165 245 
92 150 
12 286 
31 138 
61 99 
208 217 
245 290 
181 271 
5 44 
259 283 
91 125 
158 244 
173 266 
226 247 
131 270 
19 117 
90 290 
43 158 
206 269 
106 203 
251 293 
277 290 
82 154 
109 127 
0 273 
245 876 
37 127 
161 228 
164 201 
60 167 
209 223 
106 207 
146 193 
23 167 
130 133 
98 142 
12 49 
153 178 
100 184 
227 237 
24 210 
157 176 
180 210 
147 203 
78 123 
26 210 
31 126 
44 226 
164 221 
138 238 
107 153 
202 205 
238 244 
177 236 
237 243 
91 226 
29 156 
136 212 
136 181 
123 166 
60 214 
12 217 
188 191 
175 225 
183 203 
217 220 
212 236 
72 232 
99 100 
112 238 
223 224 
14 229 
114 241 
30 220 
96 218 
126 233 
117 127 
3 30 
102 204 
76 85 
61 87 
238 238 
188 239 
47 196 
128 230 
134 171 
25 74 
172 188 
54 174 
51 185 
171 203 
214 241 
223 243 
11 176 
209 241 
28 158 
101 202 
205 220 
238 238 
88 95 
74 95 
135 169 
33 117 
145 150 
80 233 
52 69 
35 196 
108 145 
145 192 
2 131 
173 206 
42 196 
111 242 
134 160 
69 136 
40 243 
13 37 
242 242 
53 194 
101 240 
0 153 
198 218 
82 128 
109 127 
240 243 
151 153 
107 121 
165 228 
11 154 
230 230 
183 196 
224 231 
108 188 
150 201 
178 182 
201 237 
67 125 
28 161 
123 145 
190 230 
62 93 
8 25 
105 243 
50 73 
227 238 
10 95 
213 215 
24 150 
25 76 
145 218 
240 243 
43 57 
163 221 
118 122 
23 177 
125 223 
126 209 
70 231 
214 214 
161 237 
63 193 
176 202 
220 230 
14 224 
37 117 
110 207 
75 161 
1 1 
40 41 
0 215 
148 219 
208 232 
166 179 
168 239 
61 134 
54 164 
164 200 
214 228 
93 180 
47 218 
202 207 
221 226 
32 182 
177 186 
155 189 
195 218 
209 221 
88 103 
6 63 
233 244 
4 165 
5 195 
179 204 
214 241 
109 193 
216 217 
140 227 
5 202 
76 129 
152 227 
173 190 
45 200 
74 195 
235 235 
52 69 
206 206 
172 240 
38 129 
244 244 
193 226 
83 127 
82 127 
171 220 
58 212 
236 238 
141 229 
219 238 
210 223 
133 184 
129 235 
85 232 
208 238 
116 176 
177 206 
162 211 
131 174 
11 85 
38 91 
23 97 
91 91 
213 242 
179 236 
232 232 
235 238 
158 238 
28 38 
176 181 
69 218 
145 149 
69 222 
93 230 
29 88 
229 234 
193 225 
222 225 
21 55 
86 184 
191 205 
66 129 
9 36 
22 112 
37 217 
239 243 
0 140 
168 202 
16 135 
177 195 
28 96 
78 115 
75 197 
16 205 
59 171 
19 216 
84 225 
1 190 
217 226 
96 104 
221 225 
24 25 
137 224 
104 134 
22 225 
13 180 
164 218 
27 174 
206 214 
151 152 
205 235 
85 211 
10 126 
103 201 
16 87 
145 164 
104 132 
179 188 
175 214 
209 231 
135 165 
155 219 
129 219 
201 229 
191 197 
18 48 
184 223 
162 218 
190 198 
237 243 
34 129 
13 241 
120 200 
42 162 
139 226 
154 195 
43 213 
235 242 
60 89 
18 59 
113 234 
218 228 
140 170 
62 185 
63 243 
107 209 
98 223 
50 80 
127 153 
82 87 
158 224 
109 232 
115 197 
129 146 
13 144 
241 243 
183 243 
86 105 
12 152 
224 229 
109 145 
232 232 
20 138 
239 239 
37 170 
228 236 
220 220 
152 172 
7 15 
79 204 
90 126 
53 210 
45 125 
166 174 
195 195 
40 42 
138 204 
81 232 
217 221 
121 180 
211 227 
19 140 
104 117 
90 183 
114 158 
190 231 
153 216 
47 156 
46 201 
70 241 
21 54 
208 241 
196 197 
132 194 
87 135 
238 240 
20 22 
54 117 
91 135 
202 220 
128 151 
224 239 
53 233 
49 148 
146 172 
3 232 
136 232 
234 240 
222 226 
163 208 
37 144 
25 224 
76 144 
240 244 
189 197 
186 221 
7 18 
16 147 
98 168 
67 124 
91 236 
74 85 
2 211 
70 155 
92 115 
196 232 
52 65 
0 35 
21 226 
109 146 
100 192 
191 223 
30 119 
74 210 
87 127 
35 178 
25 170 
161 203 
80 233 
160 224 
126 146 
115 150 
147 213 
27 39 
18 213 
134 152 
1 63 
132 233 
102 238 
66 72 
10 147 
29 117 
119 237 
215 219 
235 240 
34 168 
149 180 
16 16 
172 240 
126 230 
87 136 
215 238 
155 207 
26 106 
215 218 
15 40 
102 133 
168 221 
49 143 
82 98 
83 113 
216 233 
80 217 
190 214 
31 120 
11 184 
239 241 
114 181 
235 243 
69 137 
141 162 
93 195 
37 201 
126 133 
120 203 
185 193 
139 238 
97 202 
144 228 
40 52 
173 176 
108 121 
184 236 
224 235 
178 219 
193 212 
193 206 
224 235 
23 132 
37 81 
127 232 
102 131 
134 220 
147 180 
56 103 
23 69 
145 236 
59 147 
16 96 
72 75 
146 202 
82 83 
28 236 
45 97 
225 233 
196 206 
61 153 
129 158 
67 223 
43 193 
33 48 
108 139 
197 239 
77 163 
20 37 
222 228 
230 240 
75 158 
28 139 
65 219 
17 74 
24 220 
36 195 
88 203 
244 244 
134 182 
104 189 
26 55 
224 229 
84 230 
160 189 
73 83 
29 98 
218 238 
82 176 
125 147 
114 223 
237 242 
210 220 
160 201 
118 219 
56 103 
107 116 
93 159 
93 163 
238 244 
53 178 
213 213 
28 60 
199 226 
38 112 
24 100 
136 220 
116 140 
4 168 
217 219 
141 208 
159 184 
18 220 
148 203 
185 186 
27 149 
21 84 
135 211 
240 244 
219 239 
75 110 
93 200 
74 106 
67 133 
55 92 
168 203 
128 194 
13 141 
90 127 
72 72 
210 239 
175 232 
153 161 
188 215 
61 148 
88 147 
127 140 
10 138 
205 225 
94 121 
177 208 
119 198 
100 172 
20 97 
201 234 
34 174 
98 165 
61 225 
89 99 
213 227 
226 230 
194 215 
52 144 
216 239 
97 145 
180 209 
142 203 
148 170 
0 75 
1 187 
75 110 
31 199 
152 191 
239 242 
3 31 
53 128 
78 78 
244 244 
115 228 
50 177 
3 150 
148 221 
98 105 
202 242 
33 111 
56 157 
146 187 
96 183 
86 113 
201 213 
111 154 
226 238 
164 235 
76 223 
10 66 
60 170 
19 53 
66 74 
73 129 
216 219 
133 151 
122 127 
173 222 
239 242 
122 160 
163 243 
112 219 
179 207 
183 205 
125 151 
195 220 
21 53 
56 220 
87 128 
17 150 
143 217 
52 130 
92 166 
146 238 
54 166 
37 239 
165 239 
23 221 
88 183 
168 232 
214 216 
212 230 
240 243 
230 234 
60 145 
106 152 
213 235 
131 171 
198 238 
54 224 
116 143 
131 212 
148 244 
194 199 
81 142 
170 216 
49 138 
194 228 
68 239 
185 218 
148 213 
239 244 
112 158 
84 189 
124 221 
131 175 
137 228 
90 208 
230 236 
243 243 
215 224 
25 87 
214 233 
123 206 
212 240 
73 75 
18 185 
139 241 
6 240 
10 178 
176 199 
185 225 
66 186 
168 182 
36 216 
177 233 
243 243 
86 119 
235 239 
156 198 
180 204 
133 133 
203 214 
143 210 
217 242 
155 218 
108 237 
123 134 
92 163 
40 114 
28 152 
43 167 
234 234 
145 181 
0 208 
241 242 
193 235 
100 221 
123 165 
23 64 
210 225 
243 244 
240 241 
62 128 
227 229 
216 235 
134 174 
188 244 
202 209 
9 219 
204 216 
198 242 
101 205 
210 224 
204 220 
74 94 
226 238 
57 152 
101 243 
216 224 
129 197 
94 134 
16 18 
141 200 
185 233 
83 149 
216 216 
203 217 
242 242 
204 237 
216 234 
184 201 
13 17 
233 234 
24 151 
104 222 
147 154 
172 191 
50 148 
43 212 
33 46 
193 235 
70 163 
136 201 
133 200 
82 197 
128 149 
117 219 
171 174 
162 214 
65 182 
10 134 
34 58 
189 196 
158 173 
133 219 
173 222 
103 150 
46 178 
125 205 
89 137 
99 99 
137 242 
173 187 
228 238 
72 110 
19 243 
226 229 
20 62 
45 240 
217 221 
31 208 
167 173 
51 194 
35 37 
56 101 
47 136 
63 196 
33 190 
213 223 
233 239 
31 56 
29 173 
121 183 
242 242 
41 59 
7 78 
173 213 
114 171 
51 93 
64 112 
88 91 
17 48 
109 206 
49 131 
32 207 
176 182 
105 147 
135 213 
221 241 
206 238 
8 132 
149 226 
51 218 
68 68 
228 231 
116 136 
57 160 
130 183 
242 244 
57 64 
31 221 
152 153 
8 206 
176 179 
81 119 
153 190 
14 224 
84 168 
136 208 
226 239 
99 157 
97 104 
137 195 
230 231 
221 231 
129 140 
90 136 
51 226 
230 244 
141 210 
179 219 
214 241 
167 206 
72 83 
21 86 
177 233 
209 244 
32 61 
71 94 
49 194 
120 206 
206 237 
122 160 
30 205 
54 84 
140 198 
35 145 
89 97 
71 140 
15 187 
181 213 
119 131 
36 76 
154 217 
229 237 
61 237 
44 174 
128 215 
94 137 
241 244 
237 242 
43 160 
153 180 
137 163 
15 214 
130 196 
159 232 
96 184 
64 151 
116 179 
116 140 
59 151 
13 146 
48 177 
160 214 
10 114 
88 118 
238 239 
0 130 
35 155 
190 192 
118 170 
77 166 
113 143 
127 141 
96 124 
220 222 
218 225 
157 226 
96 198 
218 236 
38 53 
126 150 